0.805512412040523 0.17973411350015 0.0147534744593275
0.80483657543466 0.180303807745637 0.0148596168197029
0.804158783703146 0.180874740427271 0.0149664758695828
0.803479034135438 0.181446909935896 0.0150740559286657
0.802797324040963 0.182020314622047 0.0151823613369896
0.802113650749336 0.182594952795698 0.0152913964549653
0.801428011610579 0.183170822726014 0.0154011656634074
0.800740403995341 0.183747922641094 0.0155116733635652
0.800050825295122 0.184326250727725 0.0156229239771528
0.799359272922496 0.184905805131126 0.0157349219463785
0.79866574431133 0.185486583954697 0.0158476717339729
0.797970236917013 0.18606858525977 0.0159611778232169
0.797272748216679 0.186651807065353 0.0160754447179685
0.796573275709434 0.187236247347878 0.0161904769426883
0.795871816916584 0.187821904040951 0.0163062790424654
0.795168369381861 0.188408775035098 0.016422855583041
0.794462930671654 0.188996858177514 0.0165402111508322
0.793755498375236 0.18958615127181 0.0166583503529547
0.793046070104998 0.190176652077758 0.0167772778172438
0.79233464349668 0.190768358311044 0.0168969981922757
0.791621216209602 0.191361267643011 0.0170175161473872
0.790905785926895 0.19195537770041 0.0171388363726946
0.790188350355743 0.192550686065146 0.0172609635791113
0.789468907227609 0.193147190274026 0.0173839024983654
0.788747454298477 0.193744887818508 0.0175076578830152
0.788023989349085 0.19434377614445 0.0176322345064646
0.787298510185166 0.194943852651857 0.0177576371629769
0.786571014637684 0.195545114694628 0.0178838706676881
0.785841500563071 0.19614755958031 0.0180109398566187
0.785109965843474 0.196751184569841 0.0181388495866849
0.784376408386987 0.197355986877305 0.0182676047357085
0.783640826127899 0.197961963669675 0.0183972102024257
0.782903217026934 0.198569112066571 0.0185276709064953
0.782163579071493 0.199177429140002 0.0186589917885048
0.781421910275902 0.199786911914122 0.0187911778099767
0.78067820868165 0.200397557364977 0.0189242339533729
0.77993247235764 0.201009362420262 0.0190581652220981
0.779184699400433 0.201622323959065 0.0191929766405019
0.778434887934495 0.202236438811625 0.0193286732538803
0.777683036112445 0.202851703759079 0.0194652601284755
0.776929142115303 0.203468115533223 0.0196027423514748
0.776173204152736 0.204085670816256 0.0197411250310081
0.775415220463316 0.20470436624054 0.0198804132961447
0.774655189314759 0.205324198388353 0.0200206122968882
0.773893109004186 0.205945163791644 0.0201617272041705
0.773128977858368 0.206567258931787 0.0203037632098448
0.772362794233984 0.207190480239339 0.0204467255266768
0.771594556517868 0.207814824093796 0.0205906193883353
0.770824263127267 0.208440286823352 0.0207354500493808
0.770051912510095 0.209066864704652 0.0208812227852533
0.769277503145183 0.209694553962558 0.0210279428922589
0.768501033542542 0.210323350769904 0.0211756156875542
0.767722502243614 0.210953251247256 0.0213242465091309
0.766941907821528 0.211584251462675 0.021473840715797
0.766159248881363 0.212216347431478 0.0216244036871589
0.765374524060399 0.212849535116001 0.0217759408236002
0.764587732028377 0.213483810425363 0.0219284575462604
0.763798871487762 0.214119169215227 0.0220819592970112
0.763007941173998 0.21475560728757 0.0222364515384322
0.762214939855768 0.215393120390447 0.0223919397537849
0.761419866335257 0.216031704217757 0.022548429446985
0.760622719448411 0.216671354409015 0.0227059261425733
0.759823498065198 0.217312066549116 0.0228644353856857
0.75902220108987 0.21795383616811 0.0230239627420206
0.758218827461226 0.218596658740969 0.0231845137978059
0.757413376152874 0.219240529687363 0.0233460941597639
0.756605846173493 0.219885444371432 0.0235087094550748
0.7557962365671 0.220531398101561 0.0236723653313385
0.754984546413309 0.221178386130156 0.0238370674565351
0.754170774827597 0.221826403653419 0.0240028215189834
0.753354920961571 0.22247544581113 0.0241696332272986
0.752536984003229 0.223125507686424 0.0243375083103474
0.751716963177227 0.223776584305571 0.0245064525172021
0.750894857745145 0.224428670637763 0.0246764716170928
0.750070667005751 0.22508176159489 0.0248475713993586
0.74924439029527 0.225735852031334 0.0250197576733957
0.748416026987646 0.226390936743748 0.0251930362686055
0.747585576494814 0.227047010470846 0.0253674130343397
0.746753038266961 0.227704067893195 0.0255428938398444
0.745918411792797 0.228362103633001 0.0257194845742023
0.74508169659982 0.229021112253907 0.0258971911462731
0.744242892254585 0.229681088260782 0.0260760194846323
0.743401998362972 0.230342026099521 0.0262559755375076
0.74255901457045 0.231003920156836 0.0264370652727148
0.741713940562348 0.231666764760062 0.0266192946775904
0.740866776064123 0.232330554176953 0.0268026697589238
0.740017520841627 0.232995282615487 0.0269871965428862
0.739166174701374 0.233660944223667 0.0271728810749591
0.738312737490809 0.234327533089331 0.0273597294198601
0.737457209098579 0.234995043239954 0.0275477476614667
0.736599589454796 0.235663468642465 0.0277369419027389
0.735739878531308 0.236332803203052 0.0279273182656396
0.734878076341968 0.237003040766979 0.0281188828910524
0.7340141829429 0.237674175118401 0.0283116419386988
0.733148198432768 0.238346199980179 0.0285056015870524
0.732280122953044 0.239019109013705 0.0287007680332512
0.731409956688276 0.239692895818715 0.028897147493009
0.730537699866354 0.240367553933123 0.029094746200523
0.729663352758782 0.241043076832837 0.0292935704083813
0.728786915680939 0.241719457931594 0.029493626387467
0.727908388992351 0.242396690580788 0.029694920426861
0.727027773096959 0.243074768069299 0.0298974588337422
0.72614506844338 0.243753683623334 0.0301012479332865
0.725260275525178 0.244433430406259 0.0303062940685628
0.724373394881132 0.245114001518441 0.0305126036004274
0.723484427095495 0.245795389997089 0.0307201829074161
0.722593372798267 0.246477588816099 0.0309290383856348
0.721700232665456 0.247160590885897 0.0311391764486466
0.720805007419346 0.247844389053295 0.0313506035273586
0.719907697828759 0.248528976101336 0.0315633260699048
0.719008304709319 0.249214344749153 0.0317773505415281
0.718106828923718 0.249900487651822 0.0319926834244594
0.717203271381979 0.250587397400226 0.0322093312177947
0.716297633041718 0.251275066520912 0.0324273004373702
0.715389914908404 0.251963487475962 0.0326465976156347
0.714480118035626 0.252652652662854 0.0328672293015205
0.71356824352535 0.253342554414338 0.0330892020603114
0.712654292528184 0.254033184998308 0.0333125224735083
0.711738266243632 0.254724536617675 0.0335371971386936
0.710820165920358 0.25541660141025 0.0337632326693919
0.709899992856445 0.256109371448626 0.0339906356949295
0.70897774839965 0.256802838740058 0.0342194128602913
0.708053433947666 0.257496995226359 0.0344495708259748
0.707127050948374 0.258191832783783 0.0346811162678423
0.706198600900103 0.258887343222926 0.0349140558769712
0.705268085351881 0.259583518288618 0.0351483963595008
0.704335505903694 0.260280349659828 0.0353841444364777
0.703400864206737 0.260977828949565 0.0356213068436981
0.702464161963669 0.261675947704783 0.0358598903315484
0.701525400928859 0.262374697406298 0.0360999016648428
0.700584582908646 0.263074069468695 0.0363413476226589
0.699641709761581 0.263774055240248 0.0365842349981707
0.698696783398681 0.26447464600284 0.0368285705984787
0.697749805783676 0.265175832971886 0.0370743612444386
0.696800778933253 0.265877607296261 0.0373216137704865
0.695849704917306 0.266579960058231 0.0375703350244621
0.694896585859183 0.267282882273388 0.0378205318674298
0.69394142393592 0.267986364890584 0.0380722111734959
0.692984221378495 0.26869039879188 0.0383253798296253
0.692024980472064 0.269394974792482 0.038580044735454
0.691063703556201 0.270100083640699 0.0388362128030998
0.690100393025139 0.27080571601789 0.0390938909569704
0.689135051328009 0.271511862538422 0.0393530861335689
0.688167680969072 0.272218513749631 0.0396138052812969
0.68719828450796 0.272925660131785 0.0398760553602545
0.686226864559907 0.273633292098055 0.0401398433420385
0.68525342379598 0.274341399994482 0.0404051762095375
0.684277964943316 0.27504997409996 0.0406720609567243
0.683300490785345 0.275759004626208 0.0409405045884462
0.682321004162025 0.276468481717763 0.0412105141202123
0.681339507970062 0.277178395451959 0.0414820965779782
0.680356005163143 0.277888735838929 0.0417552589979284
0.679370498752152 0.278599492821592 0.0420300084262554
0.678382991805399 0.279310656275664 0.0423063519189371
0.677393487448837 0.280022216009652 0.0425842965415105
0.676401988866282 0.280734161764874 0.0428638493688437
0.675408499299631 0.281446483215465 0.0431450174849045
0.674413022049075 0.282159169968398 0.0434278079825267
0.673415560473318 0.282872211563508 0.0437122279631737
0.672416117989784 0.283585597473516 0.0439982845366993
0.67141469807483 0.284299317104064 0.044285984821106
0.670411304263955 0.285013359793745 0.0445753359423003
0.669405940152004 0.28572771481415 0.0448663450338455
0.668398609393377 0.286442371369912 0.0451590192367116
0.667389315702227 0.28715731859875 0.0454533656990232
0.666378062852666 0.287872545571531 0.0457493915758035
0.665364854678959 0.288588041292325 0.0460471040287165
0.664349695075725 0.289303794698469 0.0463465102258061
0.66333258799813 0.290019794660637 0.0466476173412325
0.662313537462079 0.290736029982915 0.0469504325550062
0.661292547544407 0.291452489402875 0.0472549630527184
0.66026962238307 0.29216916159166 0.0475612160252698
0.659244766177329 0.292886035154075 0.0478691986685959
0.658217983187933 0.293603098628677 0.0481789181833893
0.657189277737303 0.294320340487876 0.0484903817748204
0.656158654209712 0.295037749138034 0.0488035966522543
0.655126117051458 0.295755312919577 0.049118570028965
0.654091670771045 0.296473020107108 0.0494353091218476
0.65305531993935 0.297190858909523 0.0497538211511269
0.652017069189798 0.297908817470138 0.050074113340064
0.650976923218523 0.298626883866818 0.0503961929146592
0.649934886784542 0.299345046112105 0.0507200671033533
0.648890964709908 0.300063292153367 0.0510457431367249
0.647845161879877 0.300781609872936 0.0513732282471863
0.646797483243064 0.301499987088261 0.0517025296686753
0.645747933811593 0.302218411552062 0.0520336546363449
0.644696518661258 0.302936870952491 0.052366610386251
0.643643242931663 0.303655352913302 0.0527014041550354
0.642588111826375 0.304373844994017 0.0530380431796081
0.641531130613066 0.305092334690109 0.0533765346968256
0.640472304623654 0.305810809433179 0.0537168859431665
0.639411639254442 0.306529256591152 0.0540591041544056
0.638349139966251 0.307247663468465 0.0544031965652834
0.637284812284557 0.307966017306269 0.0547491704091742
0.636218661799616 0.308684305282633 0.0550970329177511
0.635150694166592 0.30940251451276 0.0554467913206481
0.634080915105684 0.310120632049196 0.05579845284512
0.633009330402242 0.31083864488206 0.0561520247156983
0.631935945906886 0.311556539939268 0.0565075141538466
0.63086076753562 0.312274304086769 0.0568649283776109
0.629783801269947 0.312991924128784 0.0572242746012687
0.628705053156971 0.313709386808053 0.0575855600349754
0.627624529309507 0.314426678806086 0.0579487918844068
0.626542235906178 0.315143786743422 0.0583139773504004
0.625458179191517 0.31586069717989 0.0586811236285934
0.624372365476062 0.31657739661488 0.0590502379090573
0.623284801136446 0.317293871487623 0.0594213273759316
0.622195492615484 0.318010108177463 0.0597943992070531
0.621104446422261 0.318726093004155 0.0601694605735837
0.620011669132213 0.319441812228152 0.0605465186396349
0.618917167387202 0.320157252050908 0.0609255805618902
0.617820947895595 0.320872398615181 0.0613066534892246
0.616723017432329 0.321587238005349 0.0616897445623215
0.615623382838986 0.322301756247727 0.0620748609132874
0.614522051023847 0.323015939310889 0.0624620096652635
0.613419028961963 0.323729773106002 0.062851197932035
0.612314323695201 0.324443243487161 0.0632424328176381
0.611207942332304 0.325156336251732 0.063635721415964
0.610099892048936 0.325869037140703 0.0640310708103608
0.60899018008773 0.326581331839037 0.0644284880732328
0.607878813758325 0.327293205976038 0.064827980265637
0.606765800437408 0.328004645125714 0.0652295544368775
0.605651147568745 0.328715634807157 0.0656332176240977
0.604534862663211 0.329426160484919 0.0660389768518691
0.603416953298817 0.330136207569404 0.0664468391317789
0.602297427120728 0.330845761417258 0.0668568114620141
0.601176291841286 0.331554807331769 0.0672689008269442
0.600053555240021 0.332263330563278 0.0676831141967007
0.59892922516366 0.332971316309585 0.0680994585267548
0.597803309526132 0.333678749716376 0.0685179407574927
0.596675816308572 0.33438561587764 0.068938567813788
0.595546753559318 0.33509189983611 0.0693613466045729
0.594416129393899 0.335797586583694 0.0697862840224063
0.593283951995033 0.336502661061927 0.0702133869430398
0.592150229612601 0.337207108162417 0.0706426622249819
0.591014970563636 0.337910912727305 0.071074116709059
0.589878183232295 0.338614059549729 0.0715077572179758
0.588739876069829 0.339316533374299 0.071943590555872
0.587600057594555 0.340018318897567 0.0723816235078778
0.586458736391814 0.340719400768519 0.0728218628396669
0.585315921113934 0.341419763589058 0.0732643152970076
0.58417162048018 0.342119391914509 0.0737089876053115
0.583025843276705 0.342818270254114 0.0741558864691809
0.581878598356496 0.34351638307155 0.0746050185719536
0.580729894639314 0.344213714785441 0.0750563905752454
0.579579741111628 0.344910249769881 0.0755100091184917
0.578428146826549 0.345605972354965 0.0759658808184861
0.577275120903755 0.346300866827327 0.0764240122689181
0.576120672529413 0.346994917430679 0.0768844100399078
0.574964810956099 0.347688108366361 0.0773470806775398
0.573807545502707 0.348380423793898 0.0778120307033946
0.572648885554358 0.349071847831564 0.0782792666140786
0.571488840562304 0.349762364556943 0.0787487948807524
0.570327420043828 0.350451958007515 0.0792206219486567
0.569164633582135 0.351140612181228 0.0796947542366374
0.56800049082624 0.351828311037092 0.0801711981366686
0.566835001490856 0.35251503849577 0.0806499600133741
0.56566817535627 0.353200778440183 0.0811310462035468
0.564500022268219 0.353885514716113 0.0816144630156676
0.563330552137758 0.35456923113282 0.0821002167294217
0.562159774941125 0.355251911463661 0.0825883135952141
0.5609877007196 0.355933539446717 0.0830787598336831
0.559814339579361 0.356614098785426 0.0835715616352132
0.558639701691333 0.357293573149221 0.0840667251594457
0.557463797291032 0.35797194617418 0.0845642565347884
0.556286636678403 0.358649201463673 0.085064161857924
0.555108230217658 0.359325322589025 0.0855664471933172
0.553928588337104 0.360000293090176 0.0860711185727205
0.552747721528965 0.360674096476356 0.086578181994679
0.551565640349204 0.361346716226763 0.0870876434240333
0.550382355417338 0.36201813579124 0.0875995087914227
0.549197877416242 0.362688338590972 0.0881137839927857
0.54801221709196 0.363357308019179 0.0886304748888608
0.546825385253496 0.364025027441818 0.0891495873046855
0.545637392772614 0.364691480198291 0.0896711270290944
0.544448250583623 0.36535664960216 0.0901950998142169
0.54325796968316 0.366020518941867 0.0907215113749734
0.542066561129969 0.36668307148146 0.0912503673885714
0.540874036044674 0.367344290461327 0.0917816734939994
0.539680405609545 0.368004159098933 0.0923154352915224
0.538485681068261 0.368662660589565 0.0928516583421742
0.537289873725666 0.369319778107083 0.0933903481672504
0.536092994947524 0.369975494804675 0.0939315102478011
0.53489505616026 0.370629793815618 0.0944751500241218
0.533696068850706 0.37128265825405 0.0950212728952446
0.532496044565831 0.37193407121574 0.0955698842184294
0.531294994912479 0.372584015778868 0.0961209893086531
0.530092931557088 0.373232475004812 0.0966745934381001
0.528889866225412 0.373879431938937 0.0972307018356514
0.527685810702235 0.374524869611391 0.097789319686374
0.526480776831082 0.375168771037909 0.0983504521310096
0.525274776513918 0.375811119220618 0.0989141042654632
0.524067821710853 0.376451897148854 0.0994802811402924
0.52285992443983 0.377091087799975 0.100048987760195
0.521651096776313 0.377728674140189 0.100620229083498
0.520441350852973 0.37836463912538 0.101194010021646
0.519230698859362 0.378998965701948 0.10177033543869
0.518019153041583 0.379631636807642 0.102349210150776
0.516806725701961 0.380262635372407 0.102930638925631
0.515593429198702 0.380891944319239 0.103514626482059
0.514379275945545 0.381519546565033 0.104101177489422
0.513164278411418 0.382145425021446 0.104690296567136
0.511948449120077 0.382769562595765 0.105281988284158
0.510731800649751 0.383391942191773 0.105876257158477
0.509514345632772 0.384012546710625 0.106473107656603
0.508296096755207 0.38463135905173 0.107072544193063
0.507077066756477 0.385248362113633 0.107674571129891
0.505857268428979 0.385863538794905 0.108279192776116
0.504636714617699 0.386476871995037 0.108886413387264
0.503415418219815 0.387088344615339 0.109496237164846
0.502193392184305 0.387697939559842 0.110108668255853
0.500970649511538 0.388305639736205 0.110723710752256
0.499747203252872 0.388911428056629 0.1113413686905
0.498523066510232 0.389515287438769 0.111961646050999
0.497298252435698 0.390117200806659 0.112584546757642
0.49607277423108 0.390717151091633 0.113210074677287
0.494846645147483 0.391315121233255 0.113838233619262
0.493619878484878 0.391911094180251 0.114469027334871
0.492392487591658 0.392505052891446 0.115102459516896
0.491164485864198 0.393096980336704 0.115738533799099
0.489935886746396 0.393686859497872 0.116377253755733
0.488706703729226 0.394274673369729 0.117018622901045
0.487476950350272 0.394860404960938 0.117662644688791
0.486246640193264 0.395444037294997 0.118309322511739
0.485015786887607 0.396025553411204 0.11895865970119
0.483784404107903 0.396604936365614 0.119610659526483
0.482552505573472 0.397182169232007 0.120265325194521
0.481320105047865 0.397757235102857 0.120922659849278
0.480087216338371 0.398330117090301 0.121582666571328
0.478853853295521 0.398900798327119 0.122245348377359
0.477620029812591 0.399469261967707 0.122910708219702
0.476385759825088 0.40003549118906 0.123578748985852
0.475151057310244 0.400599469191757 0.124249473497999
0.473915936286498 0.401161179200946 0.124922884512556
0.472680410812976 0.401720604467333 0.125598984719691
0.471444494988963 0.402277728268176 0.126277776742861
0.470208202953373 0.402832533908277 0.12695926313835
0.468971548884212 0.40338500472098 0.127643446394808
0.46773454699804 0.40393512406917 0.12833032893279
0.466497211549425 0.404482875346272 0.129019913104303
0.465259556830389 0.40502824197726 0.129712201192351
0.464021597169861 0.405571207419655 0.130407195410484
0.462783346933109 0.406111755164538 0.131104897902353
0.461544820521181 0.406649868737559 0.13180531074126
0.460306032370337 0.407185531699944 0.132508435929719
0.459066996951472 0.407718727649511 0.133214275399017
0.45782772876954 0.408249440221684 0.133922831008776
0.456588242362973 0.408777653090508 0.134634104546519
0.455348552303094 0.409303349969665 0.135348097727241
0.454108673193523 0.409826514613495 0.136064812192982
0.452868619669584 0.410347130818012 0.136784249512403
0.451628406397707 0.410865182421929 0.137506411180364
0.450388048074818 0.411380653307674 0.138231298617508
0.449147559427737 0.411893527402417 0.138958913169846
0.447906955212559 0.412403788679092 0.139689256108348
0.446666250214044 0.41291142115742 0.140422328628536
0.445425459244991 0.413416408904931 0.141158131850078
0.444184597145614 0.413918736037994 0.141896666816391
0.442943678782915 0.414418386722839 0.142637934494247
0.441702719050046 0.414915345176581 0.143381935773373
0.440461732865678 0.415409595668249 0.144128671466073
0.439220735173357 0.415901122519809 0.144878142306834
0.437979740940859 0.416389910107188 0.145630348951953
0.43673876515954 0.416875942861305 0.146385291979155
0.435497822843688 0.417359205269087 0.147142971887225
0.434256929029862 0.417839681874503 0.147903389095635
0.433016098776235 0.418317357279581 0.148666543944185
0.431775347161931 0.418792216145432 0.149432436692637
0.430534689286355 0.419264243193277 0.150201067520368
0.429294140268526 0.419733423205465 0.150972436526009
0.428053715246402 0.420199741026492 0.151746543727106
0.4268134293762 0.420663181564025 0.152523389059775
0.425573297831721 0.421123729789918 0.153302972378361
0.42433333580366 0.421581370741229 0.154085293455111
0.423093558498922 0.422036089521235 0.154870351979843
0.421853981139932 0.42248787130045 0.155658147559618
0.420614618963941 0.42293670131763 0.15644867971843
0.419375487222327 0.423382564880791 0.157241947896882
0.418136601179901 0.423825447368215 0.158037951451884
0.416897976114198 0.424265334229455 0.158836689656347
0.415659627314778 0.424702210986343 0.159638161698879
0.414421570082511 0.425136063233989 0.1604423666835
0.413183819728874 0.425566876641783 0.161249303629342
0.411946391575231 0.425994636954395 0.162058971470374
0.410709300952118 0.426419329992762 0.162871369055119
0.409472563198528 0.426840941655092 0.163686495146381
0.408236193661184 0.427259457917841 0.164504348420975
0.407000207693821 0.42767486483671 0.165324927469469
0.405764620656454 0.428087148547623 0.166148230795923
0.404529447914655 0.428496295267709 0.166974256817636
0.403294704838821 0.428902291296276 0.167803003864903
0.402060406803436 0.429305123015792 0.168634470180772
0.400826569186343 0.429704776892846 0.16946865392081
0.399593207368006 0.430101239479122 0.170305553152872
0.398360336730764 0.430494497412358 0.171145165856878
0.397127972658102 0.430884537417305 0.171987489924594
0.395896130533896 0.431271346306682 0.172832523159422
0.394664825741677 0.431654910982131 0.173680263276192
0.393434073663883 0.432035218435155 0.174530707900962
0.392203889681109 0.432412255748069 0.175383854570822
0.39097428917136 0.432786010094933 0.176239700733707
0.389745287509297 0.433156468742486 0.177098243748217
0.388516900065491 0.433523619051076 0.177959480883433
0.387289142205664 0.43388744847558 0.178823409318756
0.386062029289935 0.43424794456633 0.179690026143736
0.384835576672065 0.434605094970017 0.180559328357917
0.383609799698703 0.434958887430611 0.181431312870686
0.382384713708621 0.435309309790253 0.182305976501126
0.381160334031961 0.435656349990161 0.183183315977878
0.379936675989473 0.435999996071521 0.184063327939006
0.378713754891753 0.436340236176371 0.184946008931876
0.377491586038484 0.436677058548485 0.185831355413031
0.376270184717672 0.437010451534249 0.18671936374808
0.375049566204883 0.437340403583526 0.187610030211592
0.373829745762482 0.437666903250526 0.188503350986993
0.372610738638868 0.437989939194657 0.189399322166475
0.37139256006771 0.438309500181381 0.190297939750909
0.370175225267182 0.438625575083056 0.191199199649762
0.368958749439201 0.438938152879772 0.192103097681027
0.36774314776866 0.439247222660187 0.193009629571152
0.366528435422665 0.439552773622351 0.193918790954984
0.365314627549768 0.43985479507452 0.194830577375712
0.364101739279206 0.440153276435972 0.195744984284822
0.362889785720137 0.440448207237806 0.196662007042058
0.36167878196087 0.440739577123744 0.197581640915387
0.360468743068108 0.441027375850918 0.198503881080974
0.359259684086185 0.44131159329065 0.199428722623165
0.358051620036297 0.441592219429233 0.20035616053447
0.356844565915747 0.441869244368691 0.201286189715562
0.355638536697179 0.442142658327544 0.202218804975277
0.354433547327821 0.442412451641557 0.203154001030622
0.353229612728721 0.442678614764485 0.204091772506793
0.352026747793995 0.442941138268809 0.205032113937197
0.35082496739006 0.443200012846462 0.205975019763478
0.349624286354887 0.443455229309553 0.206920484335561
0.348424719497237 0.443706778591074 0.207868501911689
0.347226281595914 0.443954651745605 0.208819066658481
0.346028987399006 0.44419883995001 0.209772172650984
0.344832851623139 0.444439334504121 0.210727813872741
0.343637888952721 0.444676126831415 0.211685984215864
0.342444114039198 0.444909208479687 0.212646677481114
0.341251541500307 0.445138571121705 0.213609887377988
0.340060185919328 0.445364206555863 0.214575607524809
0.338870061844344 0.445586106706823 0.215543831448833
0.337681183787497 0.44580426362615 0.216514552586354
0.336493566224249 0.44601866949293 0.217487764282821
0.335307223592647 0.446229316614391 0.218463459792962
0.334122170292585 0.446436197426506 0.219441632280909
0.332938420685074 0.446639304494584 0.220422274820342
0.331755989091505 0.446838630513865 0.22140538039463
0.33057488979293 0.447034168310089 0.222390941896981
0.329395137029327 0.447225910840066 0.223378952130608
0.328216744998883 0.447413851192232 0.224369403808885
0.327039727857269 0.447597982587201 0.22536228955553
0.325864099716927 0.447778298378292 0.226357601904781
0.324689874646347 0.44795479205207 0.227355333301583
0.323517066669361 0.448127457228851 0.228355476101788
0.322345689764433 0.448296287663217 0.22935802257235
0.321175757863948 0.448461277244509 0.230362964891543
0.320007284853512 0.448622419997318 0.23137029514917
0.318840284571251 0.448779710081955 0.232380005346794
0.317674770807114 0.448933141794924 0.233392087397962
0.316510757302178 0.449082709569371 0.234406533128451
0.315348257747958 0.449228407975535 0.235423334276506
0.314187285785723 0.449370231721178 0.236442482493099
0.313027855005807 0.449508175652009 0.237463969342184
0.311869978946933 0.449642234752101 0.238487786300966
0.310713671095536 0.449772404144288 0.239513924760177
0.309558944885089 0.449898679090559 0.240542376024352
0.308405813695436 0.45002105499244 0.241573131312124
0.307254290852129 0.450139527391359 0.242606181756512
0.306104389625763 0.450254091969009 0.243641518405228
0.304956123231321 0.450364744547693 0.244679132220986
0.303809504827523 0.450471481090661 0.245719014081815
0.302664547516176 0.450574297702436 0.246761154781388
0.301521264341529 0.450673190629124 0.247805545029347
0.300379668289636 0.450768156258724 0.248852175451641
0.299239772287716 0.450859191121412 0.249901036590872
0.298101589203527 0.450946291889828 0.250952118906645
0.296965131844735 0.451029455379338 0.252005412775927
0.295830412958297 0.451108678548296 0.253060908493408
0.294697445229838 0.451183958498288 0.254118596271875
0.293566241283042 0.451255292474367 0.25517846624259
0.292436813679045 0.451322677865278 0.256240508455677
0.291309174915828 0.451386112203665 0.257304712880507
0.290183337427624 0.451445593166273 0.258371069406103
0.289059313584321 0.451501118574138 0.259439567841541
0.287937115690877 0.45155268639276 0.260510197916363
0.286816755986735 0.451600294732271 0.261582949280993
0.285698246645246 0.451643941847587 0.262657811507166
0.284581599773097 0.451683626138549 0.263734774088354
0.283466827409743 0.451719346150054 0.264813826440203
0.282353941526845 0.451751100572172 0.265894957900983
0.281242954027715 0.451778888240253 0.266978157732031
0.280133876746766 0.451802708135021 0.268063415118213
0.27902672144896 0.451822559382658 0.269150719168382
0.277921499829277 0.451838441254872 0.270240058915851
0.276818223512175 0.451850353168961 0.271331423318865
0.275716904051063 0.451858294687854 0.272424801261083
0.274617552927778 0.451862265520154 0.273520181552069
0.273520181552069 0.451862265520154 0.274617552927778
0.272424801261083 0.451858294687854 0.275716904051063
0.271331423318865 0.451850353168961 0.276818223512175
0.270240058915851 0.451838441254872 0.277921499829277
0.269150719168382 0.451822559382658 0.27902672144896
0.268063415118213 0.451802708135021 0.280133876746766
0.266978157732031 0.451778888240253 0.281242954027715
0.265894957900983 0.451751100572172 0.282353941526845
0.264813826440203 0.451719346150054 0.283466827409743
0.263734774088354 0.451683626138549 0.284581599773097
0.262657811507166 0.451643941847587 0.285698246645246
0.261582949280993 0.451600294732271 0.286816755986735
0.260510197916363 0.45155268639276 0.287937115690877
0.259439567841541 0.451501118574138 0.289059313584321
0.258371069406103 0.451445593166273 0.290183337427624
0.257304712880507 0.451386112203665 0.291309174915828
0.256240508455677 0.451322677865278 0.292436813679045
0.25517846624259 0.451255292474367 0.293566241283042
0.254118596271875 0.451183958498288 0.294697445229838
0.253060908493408 0.451108678548296 0.295830412958297
0.252005412775927 0.451029455379338 0.296965131844735
0.250952118906645 0.450946291889828 0.298101589203527
0.249901036590872 0.450859191121412 0.299239772287716
0.248852175451641 0.450768156258724 0.300379668289636
0.247805545029347 0.450673190629124 0.301521264341529
0.246761154781388 0.450574297702436 0.302664547516176
0.245719014081815 0.450471481090661 0.303809504827523
0.244679132220986 0.450364744547693 0.304956123231321
0.243641518405228 0.450254091969009 0.306104389625763
0.242606181756512 0.450139527391359 0.307254290852129
0.241573131312124 0.45002105499244 0.308405813695436
0.240542376024352 0.449898679090559 0.309558944885089
0.239513924760177 0.449772404144288 0.310713671095536
0.238487786300966 0.449642234752101 0.311869978946933
0.237463969342184 0.449508175652009 0.313027855005807
0.236442482493099 0.449370231721178 0.314187285785723
0.235423334276506 0.449228407975535 0.315348257747958
0.234406533128451 0.449082709569371 0.316510757302178
0.233392087397962 0.448933141794924 0.317674770807113
0.232380005346794 0.448779710081955 0.318840284571251
0.23137029514917 0.448622419997318 0.320007284853512
0.230362964891543 0.448461277244509 0.321175757863948
0.22935802257235 0.448296287663217 0.322345689764433
0.228355476101788 0.448127457228851 0.323517066669361
0.227355333301584 0.44795479205207 0.324689874646347
0.226357601904781 0.447778298378292 0.325864099716927
0.22536228955553 0.447597982587201 0.327039727857269
0.224369403808885 0.447413851192232 0.328216744998883
0.223378952130608 0.447225910840066 0.329395137029327
0.222390941896981 0.447034168310089 0.33057488979293
0.22140538039463 0.446838630513865 0.331755989091505
0.220422274820342 0.446639304494584 0.332938420685074
0.219441632280909 0.446436197426506 0.334122170292585
0.218463459792962 0.446229316614391 0.335307223592647
0.217487764282821 0.44601866949293 0.336493566224249
0.216514552586354 0.44580426362615 0.337681183787497
0.215543831448833 0.445586106706823 0.338870061844344
0.214575607524809 0.445364206555863 0.340060185919328
0.213609887377988 0.445138571121705 0.341251541500307
0.212646677481114 0.444909208479687 0.342444114039198
0.211685984215864 0.444676126831415 0.343637888952721
0.210727813872741 0.444439334504121 0.344832851623139
0.209772172650984 0.44419883995001 0.346028987399006
0.208819066658481 0.443954651745605 0.347226281595914
0.207868501911689 0.443706778591074 0.348424719497237
0.206920484335561 0.443455229309553 0.349624286354887
0.205975019763478 0.443200012846462 0.35082496739006
0.205032113937197 0.442941138268809 0.352026747793995
0.204091772506793 0.442678614764485 0.353229612728721
0.203154001030622 0.442412451641557 0.354433547327821
0.202218804975277 0.442142658327544 0.355638536697179
0.201286189715562 0.441869244368691 0.356844565915747
0.20035616053447 0.441592219429233 0.358051620036297
0.199428722623165 0.44131159329065 0.359259684086185
0.198503881080974 0.441027375850918 0.360468743068108
0.197581640915387 0.440739577123744 0.36167878196087
0.196662007042058 0.440448207237806 0.362889785720137
0.195744984284822 0.440153276435972 0.364101739279206
0.194830577375712 0.43985479507452 0.365314627549768
0.193918790954984 0.439552773622351 0.366528435422665
0.193009629571152 0.439247222660187 0.36774314776866
0.192103097681027 0.438938152879772 0.368958749439201
0.191199199649762 0.438625575083056 0.370175225267182
0.190297939750909 0.438309500181381 0.37139256006771
0.189399322166475 0.437989939194657 0.372610738638868
0.188503350986993 0.437666903250526 0.373829745762482
0.187610030211592 0.437340403583526 0.375049566204883
0.18671936374808 0.437010451534249 0.376270184717671
0.185831355413031 0.436677058548485 0.377491586038484
0.184946008931876 0.436340236176371 0.378713754891753
0.184063327939006 0.435999996071521 0.379936675989473
0.183183315977878 0.435656349990161 0.381160334031961
0.182305976501126 0.435309309790253 0.382384713708621
0.181431312870686 0.434958887430611 0.383609799698703
0.180559328357917 0.434605094970018 0.384835576672065
0.179690026143736 0.43424794456633 0.386062029289935
0.178823409318756 0.43388744847558 0.387289142205664
0.177959480883433 0.433523619051076 0.388516900065491
0.177098243748217 0.433156468742486 0.389745287509297
0.176239700733707 0.432786010094933 0.39097428917136
0.175383854570822 0.432412255748069 0.392203889681109
0.174530707900962 0.432035218435155 0.393434073663883
0.173680263276192 0.431654910982131 0.394664825741677
0.172832523159422 0.431271346306682 0.395896130533896
0.171987489924594 0.430884537417305 0.397127972658102
0.171145165856878 0.430494497412358 0.398360336730764
0.170305553152872 0.430101239479122 0.399593207368006
0.16946865392081 0.429704776892846 0.400826569186343
0.168634470180772 0.429305123015792 0.402060406803436
0.167803003864903 0.428902291296276 0.403294704838821
0.166974256817636 0.428496295267709 0.404529447914655
0.166148230795923 0.428087148547623 0.405764620656454
0.165324927469469 0.42767486483671 0.40700020769382
0.164504348420975 0.427259457917841 0.408236193661184
0.163686495146381 0.426840941655092 0.409472563198528
0.162871369055119 0.426419329992762 0.410709300952118
0.162058971470374 0.425994636954395 0.411946391575231
0.161249303629342 0.425566876641783 0.413183819728874
0.1604423666835 0.425136063233989 0.414421570082511
0.159638161698879 0.424702210986343 0.415659627314778
0.158836689656347 0.424265334229455 0.416897976114198
0.158037951451884 0.423825447368215 0.418136601179901
0.157241947896882 0.423382564880791 0.419375487222327
0.15644867971843 0.42293670131763 0.420614618963941
0.155658147559618 0.42248787130045 0.421853981139932
0.154870351979843 0.422036089521235 0.423093558498922
0.154085293455111 0.421581370741229 0.42433333580366
0.153302972378361 0.421123729789918 0.425573297831721
0.152523389059774 0.420663181564025 0.4268134293762
0.151746543727106 0.420199741026492 0.428053715246402
0.150972436526009 0.419733423205465 0.429294140268526
0.150201067520368 0.419264243193277 0.430534689286355
0.149432436692637 0.418792216145432 0.431775347161931
0.148666543944184 0.418317357279581 0.433016098776235
0.147903389095635 0.417839681874503 0.434256929029862
0.147142971887225 0.417359205269087 0.435497822843688
0.146385291979155 0.416875942861305 0.43673876515954
0.145630348951953 0.416389910107188 0.437979740940859
0.144878142306834 0.415901122519809 0.439220735173357
0.144128671466073 0.415409595668249 0.440461732865678
0.143381935773373 0.414915345176581 0.441702719050046
0.142637934494247 0.414418386722839 0.442943678782915
0.141896666816391 0.413918736037994 0.444184597145614
0.141158131850078 0.413416408904931 0.445425459244991
0.140422328628536 0.41291142115742 0.446666250214044
0.139689256108348 0.412403788679092 0.447906955212559
0.138958913169846 0.411893527402417 0.449147559427737
0.138231298617508 0.411380653307674 0.450388048074818
0.137506411180364 0.410865182421929 0.451628406397707
0.136784249512403 0.410347130818012 0.452868619669584
0.136064812192982 0.409826514613495 0.454108673193523
0.135348097727241 0.409303349969665 0.455348552303094
0.134634104546519 0.408777653090508 0.456588242362973
0.133922831008776 0.408249440221684 0.45782772876954
0.133214275399017 0.407718727649511 0.459066996951472
0.132508435929719 0.407185531699944 0.460306032370337
0.13180531074126 0.406649868737559 0.461544820521181
0.131104897902353 0.406111755164538 0.462783346933109
0.130407195410484 0.405571207419655 0.464021597169861
0.129712201192351 0.40502824197726 0.465259556830389
0.129019913104303 0.404482875346272 0.466497211549425
0.12833032893279 0.40393512406917 0.46773454699804
0.127643446394808 0.40338500472098 0.468971548884212
0.12695926313835 0.402832533908277 0.470208202953373
0.126277776742861 0.402277728268176 0.471444494988963
0.125598984719691 0.401720604467333 0.472680410812976
0.124922884512556 0.401161179200946 0.473915936286498
0.124249473497999 0.400599469191757 0.475151057310244
0.123578748985852 0.40003549118906 0.476385759825088
0.122910708219702 0.399469261967707 0.477620029812591
0.122245348377359 0.398900798327119 0.478853853295521
0.121582666571328 0.398330117090301 0.480087216338371
0.120922659849278 0.397757235102857 0.481320105047865
0.120265325194521 0.397182169232007 0.482552505573472
0.119610659526483 0.396604936365614 0.483784404107903
0.11895865970119 0.396025553411204 0.485015786887607
0.118309322511739 0.395444037294997 0.486246640193264
0.117662644688791 0.394860404960938 0.487476950350272
0.117018622901045 0.394274673369729 0.488706703729226
0.116377253755733 0.393686859497872 0.489935886746396
0.115738533799099 0.393096980336704 0.491164485864198
0.115102459516896 0.392505052891446 0.492392487591658
0.114469027334871 0.391911094180251 0.493619878484878
0.113838233619262 0.391315121233255 0.494846645147483
0.113210074677287 0.390717151091633 0.49607277423108
0.112584546757642 0.390117200806659 0.497298252435698
0.111961646050999 0.389515287438769 0.498523066510232
0.1113413686905 0.388911428056629 0.499747203252872
0.110723710752256 0.388305639736205 0.500970649511538
0.110108668255853 0.387697939559842 0.502193392184305
0.109496237164846 0.387088344615339 0.503415418219815
0.108886413387264 0.386476871995037 0.504636714617699
0.108279192776116 0.385863538794905 0.505857268428979
0.107674571129891 0.385248362113633 0.507077066756477
0.107072544193063 0.38463135905173 0.508296096755207
0.106473107656603 0.384012546710625 0.509514345632772
0.105876257158477 0.383391942191773 0.510731800649751
0.105281988284158 0.382769562595765 0.511948449120077
0.104690296567136 0.382145425021446 0.513164278411418
0.104101177489422 0.381519546565033 0.514379275945545
0.103514626482059 0.380891944319239 0.515593429198702
0.102930638925631 0.380262635372407 0.516806725701961
0.102349210150776 0.379631636807642 0.518019153041583
0.10177033543869 0.378998965701948 0.519230698859362
0.101194010021646 0.37836463912538 0.520441350852973
0.100620229083498 0.377728674140189 0.521651096776313
0.100048987760195 0.377091087799975 0.52285992443983
0.0994802811402924 0.376451897148854 0.524067821710853
0.0989141042654632 0.375811119220618 0.525274776513918
0.0983504521310096 0.375168771037909 0.526480776831082
0.097789319686374 0.374524869611391 0.527685810702235
0.0972307018356515 0.373879431938937 0.528889866225412
0.0966745934381001 0.373232475004812 0.530092931557088
0.0961209893086531 0.372584015778868 0.531294994912479
0.0955698842184294 0.37193407121574 0.532496044565831
0.0950212728952447 0.37128265825405 0.533696068850706
0.0944751500241218 0.370629793815618 0.53489505616026
0.0939315102478011 0.369975494804675 0.536092994947524
0.0933903481672504 0.369319778107083 0.537289873725666
0.0928516583421742 0.368662660589565 0.538485681068261
0.0923154352915225 0.368004159098933 0.539680405609545
0.0917816734939995 0.367344290461327 0.540874036044674
0.0912503673885713 0.36668307148146 0.542066561129969
0.0907215113749734 0.366020518941867 0.54325796968316
0.0901950998142169 0.36535664960216 0.544448250583623
0.0896711270290944 0.364691480198291 0.545637392772614
0.0891495873046855 0.364025027441818 0.546825385253496
0.0886304748888608 0.363357308019179 0.54801221709196
0.0881137839927857 0.362688338590972 0.549197877416242
0.0875995087914227 0.36201813579124 0.550382355417338
0.0870876434240333 0.361346716226763 0.551565640349204
0.086578181994679 0.360674096476356 0.552747721528965
0.0860711185727205 0.360000293090176 0.553928588337104
0.0855664471933172 0.359325322589025 0.555108230217658
0.085064161857924 0.358649201463673 0.556286636678403
0.0845642565347884 0.35797194617418 0.557463797291032
0.0840667251594457 0.357293573149221 0.558639701691333
0.0835715616352132 0.356614098785426 0.559814339579361
